structure(list(passtheta = structure(c(0.119459318370821, 0.0935456083885759
), .Names = c("oosassist", "ooskeypass"))), .Names = "passtheta")
